image: ../worlds/bitmaps/lee_j_map.pgm
resolution: 0.020000
origin: [-21.65, -8.1000000, 0.000000]
negate: 0
occupied_thresh: 0.65
free_thresh: 0.196

