image: /tmp/lee_j_map.pgm
resolution: 0.020000
origin: [-50.480000, -30.000000, 0.000000]
negate: 0
occupied_thresh: 0.65
free_thresh: 0.196

